
DET1_VOL   = 1.00000E+00;
DET1_RBINS = 1;
DET1_CBINS = 1;
DET1_MBINS = 1;
DET1_UBINS = 1;
DET1_XBINS = 1;
DET1_YBINS = 1;
DET1_ZBINS = 1;
DET1_LBINS = 1;
DET1_EBINS = 1;
DET1_VALS  = 1;
DET1 = [
    1    1    1    1    1    1    1    1    1    1  1.46059E+01 0.00150 1692186
];

DET2_VOL   = 1.00000E+00;
DET2_RBINS = 1;
DET2_CBINS = 1;
DET2_MBINS = 1;
DET2_UBINS = 1;
DET2_XBINS = 1;
DET2_YBINS = 1;
DET2_ZBINS = 1;
DET2_LBINS = 1;
DET2_EBINS = 1;
DET2_VALS  = 1;
DET2 = [
    1    1    1    1    1    1    1    1    1    1  4.69819E+00 0.00213 364948
];

DET3_VOL   = 1.00000E+00;
DET3_RBINS = 1;
DET3_CBINS = 1;
DET3_MBINS = 1;
DET3_UBINS = 1;
DET3_XBINS = 1;
DET3_YBINS = 1;
DET3_ZBINS = 1;
DET3_LBINS = 1;
DET3_EBINS = 1;
DET3_VALS  = 1;
DET3 = [
    1    1    1    1    1    1    1    1    1    1  2.39596E+01 0.00144 4542982
];

DET4_VOL   = 1.00000E+00;
DET4_RBINS = 1;
DET4_CBINS = 1;
DET4_MBINS = 1;
DET4_UBINS = 1;
DET4_XBINS = 1;
DET4_YBINS = 1;
DET4_ZBINS = 1;
DET4_LBINS = 1;
DET4_EBINS = 1;
DET4_VALS  = 1;
DET4 = [
    1    1    1    1    1    1    1    1    1    1  3.83729E+00 0.00789 6632420
];

DET5_VOL   = 1.00000E+00;
DET5_RBINS = 1;
DET5_CBINS = 1;
DET5_MBINS = 1;
DET5_UBINS = 1;
DET5_XBINS = 1;
DET5_YBINS = 1;
DET5_ZBINS = 1;
DET5_LBINS = 1;
DET5_EBINS = 1;
DET5_VALS  = 1;
DET5 = [
    1    1    1    1    1    1    1    1    1    1  1.89532E+00 0.00175 6632420
];

DET6_VOL   = 1.00000E+00;
DET6_RBINS = 1;
DET6_CBINS = 1;
DET6_MBINS = 1;
DET6_UBINS = 1;
DET6_XBINS = 1;
DET6_YBINS = 1;
DET6_ZBINS = 1;
DET6_LBINS = 1;
DET6_EBINS = 23;
DET6_VALS  = 23;
DET6 = [
    1    1    1    1    1    1    1    1    1    1  7.26750E-02 0.00598 27151
    2    2    1    1    1    1    1    1    1    1  1.52499E-01 0.00544 39608
    3    3    1    1    1    1    1    1    1    1  4.66020E-01 0.00344 93107
    4    4    1    1    1    1    1    1    1    1  3.94900E-01 0.00478 67653
    5    5    1    1    1    1    1    1    1    1  9.40604E-02 0.00945 15825
    6    6    1    1    1    1    1    1    1    1  2.24360E-01 0.00748 30550
    7    7    1    1    1    1    1    1    1    1  1.81340E-01 0.00860 22111
    8    8    1    1    1    1    1    1    1    1  2.51647E-02 0.01950 3324
    9    9    1    1    1    1    1    1    1    1  1.91178E-01 0.00838 21662
   10   10    1    1    1    1    1    1    1    1  2.76879E-01 0.00737 30021
   11   11    1    1    1    1    1    1    1    1  2.75507E-01 0.00711 44362
   12   12    1    1    1    1    1    1    1    1  1.85104E-01 0.00844 22121
   13   13    1    1    1    1    1    1    1    1  9.01689E-01 0.00378 147516
   14   14    1    1    1    1    1    1    1    1  1.86199E+00 0.00300 264532
   15   15    1    1    1    1    1    1    1    1  2.89014E-01 0.00670 38338
   16   16    1    1    1    1    1    1    1    1  1.80369E+00 0.00324 219649
   17   17    1    1    1    1    1    1    1    1  2.10740E+00 0.00328 235525
   18   18    1    1    1    1    1    1    1    1  1.21167E+00 0.00457 98628
   19   19    1    1    1    1    1    1    1    1  1.08873E+00 0.00499 94779
   20   20    1    1    1    1    1    1    1    1  1.14166E+00 0.00487 72990
   21   21    1    1    1    1    1    1    1    1  1.04058E+00 0.00586 63869
   22   22    1    1    1    1    1    1    1    1  4.98084E-01 0.00861 32637
   23   23    1    1    1    1    1    1    1    1  1.15953E-01 0.01849 5937
];
DET6E = [
 1.00000E-11  3.00000E-08  1.50050E-08
 3.00000E-08  5.80000E-08  4.40000E-08
 5.80000E-08  1.40000E-07  9.90000E-08
 1.40000E-07  2.80000E-07  2.10000E-07
 2.80000E-07  3.50000E-07  3.15000E-07
 3.50000E-07  6.25000E-07  4.87500E-07
 6.25000E-07  1.02000E-06  8.22500E-07
 1.02000E-06  1.09700E-06  1.05850E-06
 1.09700E-06  1.85500E-06  1.47600E-06
 1.85500E-06  4.00000E-06  2.92750E-06
 4.00000E-06  9.87700E-06  6.93850E-06
 9.87700E-06  1.59680E-05  1.29225E-05
 1.59680E-05  1.48728E-04  8.23480E-05
 1.48728E-04  5.53000E-03  2.83936E-03
 5.53000E-03  9.11800E-03  7.32400E-03
 9.11800E-03  1.11000E-01  6.00590E-02
 1.11000E-01  5.00000E-01  3.05500E-01
 5.00000E-01  8.21000E-01  6.60500E-01
 8.21000E-01  1.35300E+00  1.08700E+00
 1.35300E+00  2.23100E+00  1.79200E+00
 2.23100E+00  3.67900E+00  2.95500E+00
 3.67900E+00  6.06550E+00  4.87225E+00
 6.06550E+00  1.00000E+01  8.03275E+00
];

DET8_VOL   = 1.00000E+00;
DET8_RBINS = 1;
DET8_CBINS = 1;
DET8_MBINS = 1;
DET8_UBINS = 1;
DET8_XBINS = 1;
DET8_YBINS = 1;
DET8_ZBINS = 1;
DET8_LBINS = 1;
DET8_EBINS = 23;
DET8_VALS  = 23;
DET8 = [
    1    1    1    1    1    1    1    1    1    1  1.81924E-01 0.00515 145529
    2    2    1    1    1    1    1    1    1    1  3.24323E-01 0.00429 176111
    3    3    1    1    1    1    1    1    1    1  8.98908E-01 0.00374 385907
    4    4    1    1    1    1    1    1    1    1  7.28072E-01 0.00340 260413
    5    5    1    1    1    1    1    1    1    1  1.71926E-01 0.00541 55375
    6    6    1    1    1    1    1    1    1    1  3.93492E-01 0.00386 117776
    7    7    1    1    1    1    1    1    1    1  3.05273E-01 0.00400 85913
    8    8    1    1    1    1    1    1    1    1  4.27466E-02 0.00980 11816
    9    9    1    1    1    1    1    1    1    1  3.20032E-01 0.00413 87264
   10   10    1    1    1    1    1    1    1    1  4.60681E-01 0.00387 123301
   11   11    1    1    1    1    1    1    1    1  5.06705E-01 0.00307 133532
   12   12    1    1    1    1    1    1    1    1  3.11560E-01 0.00401 81905
   13   13    1    1    1    1    1    1    1    1  1.58443E+00 0.00204 415710
   14   14    1    1    1    1    1    1    1    1  3.12773E+00 0.00173 812652
   15   15    1    1    1    1    1    1    1    1  4.78650E-01 0.00331 120310
   16   16    1    1    1    1    1    1    1    1  2.93542E+00 0.00190 625052
   17   17    1    1    1    1    1    1    1    1  3.30523E+00 0.00232 430186
   18   18    1    1    1    1    1    1    1    1  1.86183E+00 0.00331 150555
   19   19    1    1    1    1    1    1    1    1  1.66576E+00 0.00362 119737
   20   20    1    1    1    1    1    1    1    1  1.76758E+00 0.00435 87261
   21   21    1    1    1    1    1    1    1    1  1.62440E+00 0.00533 73234
   22   22    1    1    1    1    1    1    1    1  7.71845E-01 0.00785 34830
   23   23    1    1    1    1    1    1    1    1  1.81540E-01 0.01743 8183
];
DET8E = [
 1.00000E-11  3.00000E-08  1.50050E-08
 3.00000E-08  5.80000E-08  4.40000E-08
 5.80000E-08  1.40000E-07  9.90000E-08
 1.40000E-07  2.80000E-07  2.10000E-07
 2.80000E-07  3.50000E-07  3.15000E-07
 3.50000E-07  6.25000E-07  4.87500E-07
 6.25000E-07  1.02000E-06  8.22500E-07
 1.02000E-06  1.09700E-06  1.05850E-06
 1.09700E-06  1.85500E-06  1.47600E-06
 1.85500E-06  4.00000E-06  2.92750E-06
 4.00000E-06  9.87700E-06  6.93850E-06
 9.87700E-06  1.59680E-05  1.29225E-05
 1.59680E-05  1.48728E-04  8.23480E-05
 1.48728E-04  5.53000E-03  2.83936E-03
 5.53000E-03  9.11800E-03  7.32400E-03
 9.11800E-03  1.11000E-01  6.00590E-02
 1.11000E-01  5.00000E-01  3.05500E-01
 5.00000E-01  8.21000E-01  6.60500E-01
 8.21000E-01  1.35300E+00  1.08700E+00
 1.35300E+00  2.23100E+00  1.79200E+00
 2.23100E+00  3.67900E+00  2.95500E+00
 3.67900E+00  6.06550E+00  4.87225E+00
 6.06550E+00  1.00000E+01  8.03275E+00
];

DET9_VOL   = 1.00000E+00;
DET9_RBINS = 1;
DET9_CBINS = 1;
DET9_MBINS = 1;
DET9_UBINS = 1;
DET9_XBINS = 1;
DET9_YBINS = 1;
DET9_ZBINS = 1;
DET9_LBINS = 1;
DET9_EBINS = 2;
DET9_VALS  = 2;
DET9 = [
    1    1    1    1    1    1    1    1    1    1  1.40452E+00 0.00196 273894
    2    2    1    1    1    1    1    1    1    1  1.31956E+01 0.00173 1418001
];
DET9E = [
 1.00000E-11  6.25000E-07  3.12505E-07
 6.25000E-07  1.00000E+01  5.00000E+00
];

DET11_VOL   = 1.00000E+00;
DET11_RBINS = 1;
DET11_CBINS = 1;
DET11_MBINS = 1;
DET11_UBINS = 1;
DET11_XBINS = 1;
DET11_YBINS = 1;
DET11_ZBINS = 1;
DET11_LBINS = 1;
DET11_EBINS = 2;
DET11_VALS  = 2;
