
DET1_VOL   = 1.00000E+00;
DET1_RBINS = 1;
DET1_CBINS = 1;
DET1_MBINS = 1;
DET1_UBINS = 1;
DET1_XBINS = 1;
DET1_YBINS = 1;
DET1_ZBINS = 1;
DET1_LBINS = 1;
DET1_EBINS = 1;
DET1_VALS  = 1;
DET1 = [
    1    1    1    1    1    1    1    1    1    1  4.64915E+00 0.00217 363194
];

DET4_VOL   = 1.00000E+00;
DET4_RBINS = 1;
DET4_CBINS = 1;
DET4_MBINS = 1;
DET4_UBINS = 1;
DET4_XBINS = 1;
DET4_YBINS = 1;
DET4_ZBINS = 1;
DET4_LBINS = 1;
DET4_EBINS = 1;
DET4_VALS  = 1;
DET4 = [
    1    1    1    1    1    1    1    1    1    1  1.04957E-02 0.00488 364339
];

DET5_VOL   = 1.00000E+00;
DET5_RBINS = 1;
DET5_CBINS = 1;
DET5_MBINS = 1;
DET5_UBINS = 1;
DET5_XBINS = 1;
DET5_YBINS = 1;
DET5_ZBINS = 1;
DET5_LBINS = 1;
DET5_EBINS = 1;
DET5_VALS  = 1;
DET5 = [
    1    1    1    1    1    1    1    1    1    1  3.14968E-01 0.00212 364339
];

DET6_VOL   = 1.00000E+00;
DET6_RBINS = 1;
DET6_CBINS = 1;
DET6_MBINS = 1;
DET6_UBINS = 1;
DET6_XBINS = 1;
DET6_YBINS = 1;
DET6_ZBINS = 1;
DET6_LBINS = 1;
DET6_EBINS = 23;
DET6_VALS  = 23;
DET6 = [
    1    1    1    1    1    1    1    1    1    1  0.00000E+00 0.00000 0
    2    2    1    1    1    1    1    1    1    1  0.00000E+00 0.00000 0
    3    3    1    1    1    1    1    1    1    1  0.00000E+00 0.00000 0
    4    4    1    1    1    1    1    1    1    1  0.00000E+00 0.00000 0
    5    5    1    1    1    1    1    1    1    1  0.00000E+00 0.00000 0
    6    6    1    1    1    1    1    1    1    1  0.00000E+00 0.00000 0
    7    7    1    1    1    1    1    1    1    1  0.00000E+00 0.00000 0
    8    8    1    1    1    1    1    1    1    1  0.00000E+00 0.00000 0
    9    9    1    1    1    1    1    1    1    1  0.00000E+00 0.00000 0
   10   10    1    1    1    1    1    1    1    1  0.00000E+00 0.00000 0
   11   11    1    1    1    1    1    1    1    1  0.00000E+00 0.00000 0
   12   12    1    1    1    1    1    1    1    1  0.00000E+00 0.00000 0
   13   13    1    1    1    1    1    1    1    1  1.25315E-05 0.75238 3
   14   14    1    1    1    1    1    1    1    1  8.67996E-04 0.17913 157
   15   15    1    1    1    1    1    1    1    1  1.04011E-03 0.17858 171
   16   16    1    1    1    1    1    1    1    1  1.28774E-01 0.01916 16141
   17   17    1    1    1    1    1    1    1    1  8.21979E-01 0.00698 79873
   18   18    1    1    1    1    1    1    1    1  6.14390E-01 0.00739 47497
   19   19    1    1    1    1    1    1    1    1  7.96301E-01 0.00580 54130
   20   20    1    1    1    1    1    1    1    1  8.97948E-01 0.00562 61908
   21   21    1    1    1    1    1    1    1    1  8.12034E-01 0.00546 61215
   22   22    1    1    1    1    1    1    1    1  4.53000E-01 0.00793 34224
   23   23    1    1    1    1    1    1    1    1  1.14617E-01 0.01594 7408
];
DET6E = [
 1.00000E-11  3.00000E-08  1.50050E-08
 3.00000E-08  5.80000E-08  4.40000E-08
 5.80000E-08  1.40000E-07  9.90000E-08
 1.40000E-07  2.80000E-07  2.10000E-07
 2.80000E-07  3.50000E-07  3.15000E-07
 3.50000E-07  6.25000E-07  4.87500E-07
 6.25000E-07  1.02000E-06  8.22500E-07
 1.02000E-06  1.09700E-06  1.05850E-06
 1.09700E-06  1.85500E-06  1.47600E-06
 1.85500E-06  4.00000E-06  2.92750E-06
 4.00000E-06  9.87700E-06  6.93850E-06
 9.87700E-06  1.59680E-05  1.29225E-05
 1.59680E-05  1.48728E-04  8.23480E-05
 1.48728E-04  5.53000E-03  2.83936E-03
 5.53000E-03  9.11800E-03  7.32400E-03
 9.11800E-03  1.11000E-01  6.00590E-02
 1.11000E-01  5.00000E-01  3.05500E-01
 5.00000E-01  8.21000E-01  6.60500E-01
 8.21000E-01  1.35300E+00  1.08700E+00
 1.35300E+00  2.23100E+00  1.79200E+00
 2.23100E+00  3.67900E+00  2.95500E+00
 3.67900E+00  6.06550E+00  4.87225E+00
 6.06550E+00  1.00000E+01  8.03275E+00
];

DET7_VOL   = 1.00000E+00;
DET7_RBINS = 1;
DET7_CBINS = 1;
DET7_MBINS = 1;
DET7_UBINS = 1;
DET7_XBINS = 1;
DET7_YBINS = 1;
DET7_ZBINS = 1;
DET7_LBINS = 1;
DET7_EBINS = 2;
DET7_VALS  = 2;
DET7 = [
    1    1    1    1    1    1    1    1    1    1  0.00000E+00 0.00000 0
    2    2    1    1    1    1    1    1    1    1  4.64096E+00 0.00218 362727
];
DET7E = [
 1.00000E-11  6.25000E-07  3.12505E-07
 6.25000E-07  1.00000E+01  5.00000E+00
];

DET12_VOL   = 1.00000E+00;
DET12_RBINS = 1;
DET12_CBINS = 1;
DET12_MBINS = 1;
DET12_UBINS = 1;
DET12_XBINS = 30;
DET12_YBINS = 1;
DET12_ZBINS = 1;
DET12_LBINS = 1;
DET12_EBINS = 2;
DET12_VALS  = 60;
